type: CNV_gain_L
sax_segments: 64
sax_alphabet: 24
offset: 16.114755805477454
offset_std: 9.848534503391217
motif: 17,17,18,18,18,18,18,18,18,17,17,16,15,14,13,12,11,10,9,8,7,6,5,5,4,4,4,4,4,4,4,5
motif_std: 4.95,4.65,4.36,4.13,3.95,3.84,3.77,3.77,3.82,3.94,4.10,4.30,4.53,4.75,4.93,5.06,5.11,5.04,4.89,4.70,4.46,4.19,3.93,3.73,3.57,3.46,3.41,3.47,3.57,3.74,3.98,4.29