type: CNV_gain_L
sax_segments: 64
sax_alphabet: 24
offset: 16.682401347284074
offset_std: 10.390651378146826
motif: 4,4,3,3,3,3,3,3,3,4,5,5,6,8,9,10,11,13,14,15,16,17,18,19,19,19,20,20,19,19,19,18
motif_std: 3.80,3.52,3.30,3.09,2.94,2.89,2.96,3.14,3.40,3.76,4.21,4.66,5.12,5.52,5.83,6.00,6.05,5.97,5.77,5.42,5.02,4.57,4.14,3.71,3.34,3.07,2.91,2.88,2.96,3.16,3.47,3.81