type: CNV_gain_R
sax_segments: 64
sax_alphabet: 24
offset: 14.962116131779233
offset_std: 9.211156896486216
motif: 14,15,15,16,17,17,17,17,17,17,16,16,15,14,13,12,11,10,8,7,6,6,5,5,4,4,4,4,5,5,6,7
motif_std: 5.81,5.52,5.19,4.90,4.62,4.43,4.30,4.21,4.18,4.23,4.34,4.50,4.69,4.87,5.04,5.17,5.24,5.18,5.03,4.82,4.59,4.36,4.13,3.94,3.82,3.79,3.86,4.01,4.27,4.62,5.05,5.51