type: CNV_loss_L
sax_segments: 64
sax_alphabet: 24
offset: 13.967678138859958
offset_std: 4.2459062221492845
motif: 19,19,19,19,19,19,19,19,19,18,18,17,16,15,14,13,11,9,8,6,5,4,4,4,3,3,3,3,3,3,3,3
motif_std: 2.27,2.16,2.07,2.04,2.00,1.96,1.97,2.02,2.08,2.19,2.33,2.50,2.68,2.94,3.37,3.93,4.20,4.30,4.10,3.63,3.06,2.54,2.12,1.82,1.66,1.56,1.52,1.49,1.49,1.51,1.55,1.60