type: CNV_gain_R
sax_segments: 64
sax_alphabet: 24
offset: 16.54849209033596
offset_std: 9.266565586511824
motif: 17,17,18,18,18,18,18,18,18,17,17,16,15,14,13,12,11,10,9,8,7,6,5,5,4,4,4,4,4,4,4,4
motif_std: 4.50,4.26,4.04,3.87,3.73,3.66,3.63,3.65,3.72,3.86,4.04,4.24,4.46,4.67,4.88,5.00,5.05,5.00,4.90,4.72,4.51,4.26,4.02,3.81,3.64,3.53,3.45,3.45,3.54,3.68,3.89,4.14