type: CNV_loss_R
sax_segments: 64
sax_alphabet: 24
offset: 22.330325334104923
offset_std: 6.160957614505164
motif: 4,3,3,3,3,3,3,3,4,4,5,6,7,9,10,12,14,16,17,18,19,20,20,21,21,21,21,21,21,21,21,20
motif_std: 1.79,1.73,1.71,1.71,1.74,1.80,1.92,2.08,2.34,2.69,3.16,3.74,4.34,4.79,5.03,4.89,4.45,3.88,3.32,2.82,2.35,1.98,1.67,1.44,1.28,1.21,1.16,1.17,1.23,1.34,1.48,1.71