type: DEL_L
sax_segments: 64
sax_alphabet: 24
offset: 14.440743843189814
offset_std: 2.832740286472982
motif: 19,19,19,19,19,19,19,19,19,18,18,17,16,15,14,13,11,9,7,7,5,4,3,3,3,3,3,3,3,3,3,3
motif_std: 1.85,1.81,1.77,1.75,1.73,1.69,1.70,1.73,1.80,1.91,2.07,2.23,2.40,2.55,2.73,2.85,3.76,4.05,4.31,3.92,3.13,2.56,1.96,1.76,1.59,1.49,1.43,1.39,1.39,1.40,1.42,1.45