type: DUP_R
sax_segments: 64
sax_alphabet: 24
offset: 15.202147044842338
offset_std: 3.8074519104403275
motif: 19,19,19,19,19,19,19,19,18,18,17,17,16,15,14,13,11,9,8,7,6,5,4,4,3,3,3,3,3,3,3,3
motif_std: 2.61,2.44,2.35,2.28,2.27,2.24,2.24,2.27,2.36,2.48,2.62,2.76,3.03,3.22,3.34,3.51,3.96,4.04,3.89,3.70,3.13,2.84,2.56,2.33,2.06,1.93,1.85,1.81,1.79,1.79,1.80,1.86