type: DEL_R
sax_segments: 64
sax_alphabet: 24
offset: 20.102622950819672
offset_std: 3.9320406838944497
motif: 3,3,3,3,3,3,3,3,4,4,4,5,9,10,11,13,15,16,17,18,19,19,20,20,20,20,20,20,20,20,20,20
motif_std: 1.49,1.44,1.40,1.39,1.51,1.57,1.68,1.83,2.66,2.97,3.38,3.86,4.29,4.52,4.76,4.97,3.47,3.24,3.00,2.76,2.21,1.90,1.65,1.44,1.27,1.17,1.17,1.20,1.25,1.32,1.42,1.55