type: DUP_L
sax_segments: 64
sax_alphabet: 24
offset: 20.281447443997703
offset_std: 5.399808398493507
motif: 3,3,3,3,3,3,4,4,5,5,6,7,9,10,11,12,14,15,16,17,18,19,19,20,20,20,20,20,20,20,20,20
motif_std: 1.79,1.77,1.77,1.80,2.00,2.11,2.31,2.56,3.07,3.39,3.75,4.15,4.31,4.56,4.71,4.81,4.08,3.92,3.69,3.45,2.82,2.53,2.25,1.99,1.70,1.57,1.48,1.45,1.43,1.50,1.60,1.74