type: INV_R
sax_segments: 64
sax_alphabet: 24
offset: 13.588002365125154
offset_std: 7.563226090154025
motif: 15,16,17,17,18,18,18,18,18,18,17,17,15,15,14,13,10,9,8,7,6,5,5,4,4,4,4,4,4,5,6,6
motif_std: 5.69,5.23,4.85,4.52,4.40,4.40,4.12,3.93,4.12,4.32,4.34,4.47,4.94,5.16,5.31,5.49,5.64,5.53,5.28,5.10,4.79,4.44,4.16,3.97,3.82,3.72,3.77,3.94,4.19,4.52,4.78,5.15