type: INV_L
sax_segments: 64
sax_alphabet: 24
offset: 11.114765381853005
offset_std: 6.632676315256345
motif: 15,15,16,16,16,17,17,17,17,17,16,16,15,14,13,12,10,9,8,7,6,5,4,4,3,3,3,3,3,4,5,5
motif_std: 5.19,4.92,4.71,4.46,4.29,4.13,4.04,3.95,4.02,4.07,4.20,4.36,4.75,5.02,5.21,5.40,5.73,5.72,5.63,5.48,5.29,4.92,4.62,4.30,3.99,3.78,3.76,3.84,4.06,4.42,4.83,5.24