type: INV_L
sax_segments: 64
sax_alphabet: 24
offset: 14.50280983284522
offset_std: 4.3400024617922375
motif: 19,19,19,19,19,19,19,19,19,18,18,17,16,15,14,13,11,9,9,8,5,5,4,4,3,3,3,3,3,3,3,3
motif_std: 2.36,2.26,2.21,2.18,2.18,2.18,2.21,2.32,2.44,2.58,2.75,2.98,3.44,3.65,3.76,3.83,4.99,4.96,4.70,4.41,3.56,3.24,2.95,2.71,2.27,2.11,2.02,1.98,1.96,1.98,2.04,2.11