type: INS_C
sax_segments: 64
sax_alphabet: 24
offset: 15.941439031118408
offset_std: 10.941642746349114
motif: 6,6,5,5,5,5,5,5,5,6,6,7,8,8,9,10,11,12,13,14,15,15,16,17,17,17,17,17,17,17,17,16
motif_std: 5.48,5.33,5.20,5.07,4.98,4.93,4.95,5.00,5.12,5.30,5.53,5.77,6.00,6.21,6.38,6.49,6.53,6.49,6.39,6.26,6.07,5.86,5.64,5.46,5.29,5.16,5.07,5.05,5.10,5.20,5.35,5.53