type: INV_R
sax_segments: 64
sax_alphabet: 24
offset: 15.055598268117995
offset_std: 6.462747925658337
motif: 19,19,19,19,19,19,19,19,18,18,17,17,15,15,14,13,10,9,9,8,6,5,5,5,4,4,4,4,4,4,4,4
motif_std: 3.39,3.22,3.11,3.08,3.09,3.11,3.13,3.25,3.59,3.71,3.90,4.16,4.90,4.94,5.02,5.14,5.49,5.25,5.00,4.77,4.23,3.92,3.63,3.38,2.94,2.80,2.73,2.70,2.69,2.77,2.85,3.00